1833 928 561 1904 1632 2124 2883 2808 1902 1348 255 1128 2496 1872 759 1000
1056 616 754 755 1215 2352 2935 2617 945 1652 711 3980 1941 1480 957 1032
1809 2024 2205 588 114 2788 2550 2692 105 3744 2868 3468 1213 837 354 3028
1092 1476 2839 3078 2874 3696 1269 1092 1011 2644 804 3936 93 2352 729 2540
285 3916 2349 536 2028 2536 2421 2844 1710 3052 1737 3900 2919 2788 2196 1348
201 2712 319 105 1806 2120 897 3756 573 2272 2772 892 472 675 2577 1008
441 2568 1161 3296 832 778 1605 3388 2874 460 2466 3724 2439 2220 804 3524
699 1500 2721 3340 2718 828 2325 392 2325 2800 966 3732 2604 724 558 64
2472 2292 2520 404 2301 1504 2847 2904 1473 3088 1971 1216 981 3704 555 2244
906 372 1193 835 900 688 920 305 2617 2517 27 2964 2430 780 2271 2540
2304 2388 2212 2147 2922 2748 786 1860 1377 3680 2310 3148 2540 3825 1047 592
148 2986 1070 1402 2754 2652 1278 3164 876 1740 1596 412 1894 1157 2217 1600
2661 1904 2809 3445 492 796 981 2496 357 388 1233 3860 162 3040 342 416
1518 1884 1364 1701 402 3524 648 1708 948 2996 1594 3795 116 1087 1044 3704
2241 1140 2364 3644 1452 462 1605 2412 639 3788 1707 1068 2124 2732 1116 860
465 3304 1923 1160 2121 3428 2151 96 1821 996 2916 2580 1560 1284 1716 1072
1818 1440 540 360 1425 2864 2082 2756 1992 1056 2871 1488 2844 1316 1764 412
468 916 1179 3456 262 447 2668 2777 1082 3449 1020 3524 549 3648 447 3156
816 1320 2642 2995 138 2300 1314 2840 2517 1580 249 3148 2172 2684 2670 3524
2702 1134 2236 3950 1185 2536 2043 3020 1488 84 1909 2721 2804 3145 1410 828
351 1404 2868 653 2778 1576 2622 3064 2367 3828 1662 2056 1887 1776 1185 2116
2184 564 1551 492 2328 796 2637 1088 663 2064 2859 623 909 1692 1089 1680
2322 1276 1752 2800 2144 1834 1402 2014 1248 84 54 180 1398 1656 1725 780
1665 368 957 1328 876 792 1815 2052 2145 2232 2007 72 2943 132 1317 3024
1056 92 1371 264 1443 3696 1710 3588 2835 2356 2826 1644 9 2068 1818 2236
1830 3704 2673 3612 372 1987 1248 3357 162 344 2574 144 360 1188 2376 1888
960 996 1617 3204 519 440 2097 476 2097 2564 1593 2808 477 552 786 3080
192 612 2019 754 1947 360 84 2816 531 3548 2220 1189 552 2128 2310 2020
2346 1236 921 3821 1260 24 225 476 1944 2424 2466 3232 2232 336 1734 3232
714 1008 2991 3548 1026 104 1776 2076 2739 1332 2448 395 2598 2348 1812 2592
2691 3644 1812 1268 2754 2716 1311 2270 855 1036 1125 116 1032 3816 2514 2328
618 3340 1410 2196 2583 248 204 3096 1185 3540 2619 1044 1416 1908 2727 1476
1164 2056 2058 1228 579 492 2622 1912 1149 1000 1524 2908 615 1384 927 1648
546 3120 2884 175 2528 119 2454 953 2745 2764 1497 1548 504 1636 2271 2228
2769 1772 2595 468 1701 2956 1788 3804 2970 416 2037 780 1353 3956 1821 2532
2307 2272 2031 2446 1794 1980 2547 2052 561 1396 2705 1425 2274 2632 2739 2728
306 3112 2397 2681 1554 1580 1863 2036 1501 1203 2113 3809 867 1248 1758 232
2643 1052 2010 1920 2277 2076 2979 3784 2607 3580 908 2511 1659 864 930 2620
2985 440 975 2052 1518 3788 71 26 745 2910 2877 2148 120 2180 1788 3688
2424 1064 1206 2268 2358 1584 1539 2620 873 3264 849 3380 96 2376 1503 108
2112 3304 1623 840 2322 2256 651 88 877 705 1680 1332 2166 624 765 2120
1269 2628 296 839 162 2448 2597 1381 1284 596 570 1844 2229 2764 1467 1792
1554 120 1977 1172 1786 3511 945 3552 162 3500 663 3104 93 1904 921 1820
402 1620 1994 754 54 2120 1603 1791 2040 2896 2724 1692 1248 1588 2616 3740
1284 2124 686 93 1225 2178 2733 1848 1259 535 716 1805 1827 2184 2721 2972
2853 2284 2797 3881 306 1864 1252 3130 573 1300 619 2433 2169 312 1629 608
1830 3088 528 72 951 352 1443 2948 665 2882 567 3324 798 384 1722 872
2004 2028 564 3080 2919 2424 1659 660 2793 3036 2319 2620 2514 1268 2421 1792
270 3936 1401 1628 216 3796 432 1172 2009 1333 373 3745 1287 2796 462 388
618 1372 2601 720 2847 1684 1036 3527 543 476 1611 76 1308 1376 1404 2104
984 3744 2799 1604 2657 311 2082 2220 1234 3279 1473 3360 1554 2584 2811 2900
2967 3220 2718 3756 681 1008 2462 1635 1113 1428 1281 3228 2106 3584 999 124
2499 1068 1297 2878 1034 510 822 3024 2838 3064 1788 1860 1239 2136 570 1608
1017 388 1028 2269 1048 649 2927 2882 1561 1613 1583 893 897 3444 762 532
384 2748 2556 1892 2442 504 688 3042 2679 3300 678 1224 1080 1664 2127 2800
1542 204 801 3452 642 968 1749 2940 1935 444 2874 3780 2916 848 234 404
2697 3720 1722 2856 171 3216 1425 3804 1890 2804 771 3961 354 3868 2070 2528
57 3828 1485 932 597 316 2909 3383 574 3711 2373 652 420 3476 795 160
2400 3360 2262 3432 1932 916 2428 1099 2792 271 792 196 105 3820 2043 216
2736 708 864 448 768 1028 2874 1792 555 2996 1833 1300 1857 3508 1095 1680
2151 480 834 1446 1047 352 1908 1120 468 3604 987 764 2568 44 735 3076
564 2136 2646 1780 2375 3361 2680 3906 1772 2021 906 836 1146 2668 1887 396
2364 3632 1384 549 2988 388 1256 614 2994 2992 1033 3421 2277 2356 1872 3792
372 2028 1182 3660 1041 1152 2676 3752 2382 780 444 708 2589 3112 831 2604
2058 2952 2367 2732 2508 828 2508 3336 2868 724 2072 2865 2310 1256 1995 3580
2463 236 2430 676 1044 2812 324 568 2694 1027 957 3048 102 2384 1239 2884
1005 808 1215 684 1230 964 20 1467 1266 2784 246 772 33 2988 264 3332
2421 3596 9 620 1809 444 895 2011 1104 2472 792 1608 645 2708 372 2200
2640 2116 2166 1162 2310 2916 1969 774 1278 2956 1161 1752 1461 1904 816 1176
1128 1100 1350 3916 1161 2992 1448 3022 1101 2984 474 2328 1272 1128 399 1220
2433 3424 1785 2329 1755 1008 2328 48 2976 656 1350 1917 1920 2888 2319 64
2994 896 2988 1544 2916 1912 426 1360 675 1204 2766 2600 1749 224 2865 1580
2736 2204 2934 1992 2412 3016 1530 3188 2757 3844 828 2236 2052 200 1728 2732
822 2288 207 988 153 844 1761 1108 1538 2043 2781 384 1698 3532 1476 1916
1305 1880 2934 956 675 1952 109 579 1350 1252 2109 536 1089 1120 2451 2552
2559 3548 2655 3616 298 1894 543 2451 2952 436 2124 2200 2976 804 90 1708
2013 32 2003 3586 1491 2816 123 3790 51 2980 246 1524 75 3600 57 3512
2361 3620 2349 3544 1137 3856 1494 1452 219 828 2742 264 1224 3776 1479 320
2859 644 2931 1801 2595 72 1194 3532 2289 1924 797 3157 1143 1136 2004 672
570 1804 165 2276 1245 2216 2796 1956 2283 3388 1665 680 2373 196 750 2980
